% delta, absolute time, x, y, z

[ [0.0078125 576.10144 2.0394025 0.0 182.8948]
[0.007906251 576.1125 4.2236147 0.0 183.66985]
[0.0079375 576.12146 5.997533 0.0 184.2993]
[0.0082812505 576.13947 9.557437 0.0 185.56248]
[0.0083125 576.14844 11.331355 0.0 186.19194]
[0.008406251 576.1595 13.515567 0.0 186.96698]
[0.00865625 576.17444 16.472097 0.0 188.01607]
[0.00871875 576.18445 18.451162 0.0 188.7183]
[0.00871875 576.19244 20.032001 0.0 189.27925]
[0.008781251 576.20245 22.011066 0.0 189.9815]
[0.008843751 576.21246 23.990131 0.0 190.68375]
[0.009125001 576.22845 27.15181 0.0 191.80563]
[0.009625001 576.25244 31.894325 0.0 193.48846]
[0.010437501 576.28644 38.615906 0.0 195.87354]
[0.010500001 576.29443 40.196743 0.0 196.43446]
[0.01046875 576.30145 41.584503 0.0 196.9269]
[0.010437501 576.30945 43.165344 0.0 197.48784]
[0.01046875 576.31744 44.74618 0.0 198.04878]
[0.01046875 576.32544 46.32702 0.0 198.60973]
[0.010437501 576.33246 47.71478 0.0 199.10216]
[0.01040625 576.3395 49.10254 0.0 199.59459]
[0.010437501 576.3475 50.683376 0.0 200.15552]
[0.010437501 576.35547 52.264217 0.0 200.71646]
[0.01046875 576.36444 54.038136 0.0 201.34592]
[0.0106875 576.37744 56.608505 0.0 202.25798]
[0.010656251 576.38446 57.996265 0.0 202.75041]
[0.0106875 576.39343 59.770184 0.0 203.37987]
[0.010718751 576.4015 61.363087 0.0 203.9451]
[0.01075 576.4095 62.943928 0.0 204.50603]
[0.010718751 576.41644 64.31962 0.0 204.99419]
[0.010718751 576.42444 65.90046 0.0 205.55511]
[0.010718751 576.43243 67.48129 0.0 206.11606]
[0.0105937505 576.4404 69.06213 0.0 206.677]
[0.01046875 576.44745 70.44989 0.0 207.16943]
[0.01040625 576.45447 71.837654 0.0 207.66187]
[0.01009375 576.46246 73.418495 0.0 208.22281]
[0.010062501 576.47046 74.99933 0.0 208.78375]
[0.00996875 576.47845 76.58017 0.0 209.3447]
[0.009781251 576.4875 78.36616 0.0 209.97842]
[0.0096875 576.49445 79.741844 0.0 210.46657]
[0.0096875 576.50244 81.322685 0.0 211.02751]
[0.0096562505 576.5115 83.10867 0.0 211.66125]
[0.00959375 576.5195 84.68951 0.0 212.22218]
[0.009343751 576.52747 86.27035 0.0 212.78313]
[0.0088125 576.5345 87.658104 0.0 213.27556]
[0.00803125 576.5425 89.238945 0.0 213.8365]
[0.0080 576.5505 90.819786 0.0 214.39745]
[0.00803125 576.5585 92.40062 0.0 214.95839]
[0.0080 576.5654 93.77631 0.0 215.44653]
[0.007968751 576.57245 95.16407 0.0 215.93896]
[0.007968751 576.58044 96.74491 0.0 216.49991]
[0.0080 576.58844 98.32575 0.0 217.06085]
[0.00803125 576.59644 99.90659 0.0 217.62178]
[0.00803125 576.60443 101.48743 0.0 218.18272]
[0.0080 576.61145 102.87519 0.0 218.67516]
[0.0080 576.61945 104.456024 0.0 219.2361]
[0.0077812504 576.62646 105.84379 0.0 219.72853]
[0.008187501 576.6465 109.80192 0.0 221.13303]
[0.008125001 576.65344 111.177605 0.0 221.62117]
[0.00809375 576.66046 112.56537 0.0 222.1136]
[0.00821875 576.6725 114.94266 0.0 222.95715]
[0.00825 576.6805 116.5235 0.0 223.5181]
[0.00821875 576.68744 117.899185 0.0 224.00624]
[0.008187501 576.69446 119.28695 0.0 224.49867]
[0.008187501 576.70245 120.86779 0.0 225.05962]
[0.00821875 576.71045 122.44862 0.0 225.62056]
[0.00825 576.71844 124.029465 0.0 226.18149]
[0.00825 576.72644 125.610306 0.0 226.74243]
[0.008187501 576.7325 126.804985 0.0 227.16635]
[0.008187501 576.7405 128.38582 0.0 227.7273]
[0.00815625 576.7485 129.96666 0.0 228.28824]
[0.008187501 576.7565 131.5475 0.0 228.84918]
[0.008187501 576.76447 133.12834 0.0 229.41013]
[0.008125001 576.7715 134.5161 0.0 229.90256]
[0.00809375 576.77844 135.89178 0.0 230.3907]
[0.00809375 576.78644 137.47263 0.0 230.95163]
[0.008125001 576.79443 139.05347 0.0 231.51257]
[0.008125001 576.8024 140.63431 0.0 232.07352]
[0.00809375 576.80945 142.02206 0.0 232.56595]
[0.00809375 576.81744 143.6029 0.0 233.12689]
[0.00809375 576.82446 144.99066 0.0 233.61932]
[0.008125001 576.83246 146.5715 0.0 234.18027]
[0.008125001 576.84045 148.15234 0.0 234.74121]
[0.00809375 576.8475 149.5401 0.0 235.23364]
[0.0080625005 576.85443 150.91579 0.0 235.72179]
[0.0080625005 576.8625 152.5087 0.0 236.287]
[0.00809375 576.8705 154.08954 0.0 236.84795]
[0.00809375 576.8785 155.67038 0.0 237.40889]
[0.008125001 576.8865 157.2512 0.0 237.96983]
[0.0077187503 576.89343 158.6269 0.0 238.45798]
[0.0077187503 576.90045 160.01466 0.0 238.95041]
[0.0077500003 576.90845 161.5955 0.0 239.51135]
[0.0076250006 576.91644 163.17635 0.0 240.0723]
[0.0076250006 576.92444 164.75717 0.0 240.63324]
[0.0076875 576.9335 166.54317 0.0 241.26697]
[0.0076875 576.9404 167.91885 0.0 241.75511]
[0.0076875 576.9485 169.51176 0.0 242.32034]
[0.0076875 576.9565 171.0926 0.0 242.88129]
[0.0076875 576.9645 172.67343 0.0 243.44223]
[0.0076875 576.9725 174.25427 0.0 244.00316]
[0.0077500003 576.98047 175.83511 0.0 244.5641]
[0.0077187503 576.9875 177.22287 0.0 245.05653]
[0.0077187503 576.9955 178.80371 0.0 245.61748]
[0.0077187503 577.0035 180.38455 0.0 246.1784]
[0.0077187503 577.0115 181.9654 0.0 246.73935]
[0.0077187503 577.01843 183.34108 0.0 247.22751]
[0.0077500003 577.0265 184.93399 0.0 247.79272]
[0.0077500003 577.0345 186.51483 0.0 248.35367]
[0.0077500003 577.0425 188.09567 0.0 248.91461]
[0.0077500003 577.0505 189.6765 0.0 249.47556]
[0.0077500003 577.05743 191.0522 0.0 249.9637]
[0.0077500003 577.0654 192.63304 0.0 250.52464]
[0.0077812504 577.0735 194.22594 0.0 251.08987]
[0.0077812504 577.0815 195.80678 0.0 251.65082]
[0.0077812504 577.0895 197.38762 0.0 252.21175]
[0.0077812504 577.09644 198.7633 0.0 252.69989]
[0.0078125 577.10443 200.34415 0.0 253.26083]
[0.0078125 577.1125 201.93706 0.0 253.82605]
[0.0078437505 577.12146 203.71097 0.0 254.4555]
[0.0078125 577.1285 205.09874 0.0 254.94794]
[0.0077812504 577.13544 206.47443 0.0 255.4361]
[0.0078125 577.14343 208.05527 0.0 255.99704]
[0.0078437505 577.1515 209.64816 0.0 256.56226]
[0.0078437505 577.1595 211.229 0.0 257.1232]
[0.0078125 577.16644 212.6047 0.0 257.61133]
[0.0077812504 577.17346 213.99246 0.0 258.10376]
[0.0077500003 577.18146 215.5733 0.0 258.66473]
[0.0077812504 577.18945 217.15413 0.0 259.22565]
[0.0077812504 577.19745 218.73497 0.0 259.7866]
[0.0077812504 577.20544 220.31581 0.0 260.34753]
[0.0077500003 577.21246 221.70357 0.0 260.83997]
[0.0077500003 577.22046 223.28441 0.0 261.4009]
[0.0077187503 577.2275 224.67216 0.0 261.89334]
[0.0077500003 577.2355 226.253 0.0 262.45428]
[0.0077500003 577.24347 227.83385 0.0 263.01523]
[0.0077500003 577.25146 229.41469 0.0 263.57617]
[0.0077187503 577.2585 230.80244 0.0 264.0686]
[0.0077500003 577.2665 232.38329 0.0 264.62955]
[0.0077500003 577.2745 233.96413 0.0 265.1905]
[0.0077500003 577.2825 235.54497 0.0 265.7514]
[0.0077500003 577.29047 237.1258 0.0 266.31238]
[0.0077187503 577.2975 238.51357 0.0 266.80478]
[0.0077500003 577.3055 240.09439 0.0 267.36572]
[0.0077500003 577.3135 241.67523 0.0 267.92667]
[0.0077500003 577.3215 243.25607 0.0 268.4876]
[0.0077187503 577.32947 244.83691 0.0 269.04855]
[0.0077187503 577.3365 246.22467 0.0 269.541]
[0.0077812504 577.34546 247.9986 0.0 270.17044]
[0.0077812504 577.35345 249.57942 0.0 270.73138]
[0.0077812504 577.36145 251.16026 0.0 271.29233]
[0.0077500003 577.36945 252.7411 0.0 271.85327]
[0.00815625 577.38947 256.69925 0.0 273.25775]
[0.00815625 577.3965 258.087 0.0 273.75018]
[0.008125001 577.40344 259.46268 0.0 274.23834]
[0.008125001 577.41144 261.04352 0.0 274.7993]
[0.008125001 577.41943 262.62436 0.0 275.36023]
[0.00815625 577.4274 264.2052 0.0 275.92114]
[0.0082812505 577.4385 266.3894 0.0 276.6962]
[0.0082812505 577.4465 267.97025 0.0 277.25714]
[0.0082812505 577.45447 269.5511 0.0 277.81808]
[0.0082812505 577.46246 271.13193 0.0 278.37903]
[0.0082812505 577.47046 272.71277 0.0 278.93997]
[0.0082812505 577.4775 274.10052 0.0 279.4324]
[0.0082812505 577.4855 275.68137 0.0 279.99335]
[0.0083125 577.49347 277.2622 0.0 280.55426]
[0.0083125 577.50146 278.84305 0.0 281.11523]
[0.0083125 577.50946 280.4239 0.0 281.67615]
[0.0082812505 577.5165 281.81165 0.0 282.16858]
[0.0083125 577.5245 283.3925 0.0 282.72952]
[0.0083125 577.5325 284.97333 0.0 283.29047]
[0.0083125 577.54047 286.55417 0.0 283.8514]
[0.0082812505 577.5475 287.94193 0.0 284.34384]
[0.00825 577.55444 289.3176 0.0 284.832]
[0.0082812505 577.56244 290.89844 0.0 285.39294]
[0.0082812505 577.57043 292.47928 0.0 285.95386]
[0.0082812505 577.5784 294.06012 0.0 286.51483]
[0.0082812505 577.5865 295.65305 0.0 287.08005]
[0.0082812505 577.59344 297.02872 0.0 287.56818]
[0.00825 577.60046 298.41647 0.0 288.0606]
[0.0083125 577.61145 300.58862 0.0 288.83136]
[0.0083125 577.61945 302.16946 0.0 289.39233]
[0.0083125 577.62744 303.7503 0.0 289.95325]
[0.0082812505 577.63446 305.13806 0.0 290.44568]
[0.007906251 577.64246 306.7189 0.0 291.00662]
[0.0079375 577.65045 308.29974 0.0 291.56757]
[0.007968751 577.65845 309.88058 0.0 292.1285]
[0.007968751 577.66644 311.46143 0.0 292.68945]
[0.007906251 577.6725 312.6561 0.0 293.11337]
[0.007906251 577.6805 314.23694 0.0 293.67432]
[0.0078125 577.6885 315.81778 0.0 294.23526]
[0.0078125 577.6965 317.39862 0.0 294.7962]
[0.0078125 577.70447 318.97946 0.0 295.35715]
[0.0078125 577.71246 320.5603 0.0 295.9181]
[0.0077812504 577.7195 321.94806 0.0 296.41052]
[0.0078125 577.7275 323.5289 0.0 296.97144]
[0.0077812504 577.73444 324.90457 0.0 297.4596]
[0.0077812504 577.74243 326.4854 0.0 298.02054]
[0.0077812504 577.7505 328.07834 0.0 298.58575]
[0.0077500003 577.75745 329.454 0.0 299.0739]
[0.0077812504 577.76544 331.03485 0.0 299.63486]
[0.0077500003 577.77246 332.4226 0.0 300.1273]
[0.0077500003 577.78046 334.00345 0.0 300.68823]
[0.0077500003 577.78845 335.5843 0.0 301.24915]
[0.0078125 577.7975 337.37027 0.0 301.8829]
[0.0078125 577.80444 338.74597 0.0 302.37103]
[0.0078437505 577.8135 340.53195 0.0 303.0048]
[0.0078437505 577.8215 342.1128 0.0 303.56573]
[0.0078437505 577.82947 343.69363 0.0 304.12665]
[0.0078125 577.8365 345.0814 0.0 304.61908]
[0.0078437505 577.8445 346.66223 0.0 305.18005]
[0.007875 577.8525 348.24307 0.0 305.74097]
[0.0077812504 577.8605 349.8239 0.0 306.3019]
[0.0077812504 577.86847 351.40475 0.0 306.86285]
[0.0077500003 577.8755 352.7925 0.0 307.3553]
[0.0077812504 577.8835 354.37335 0.0 307.91623]
[0.0077812504 577.8915 355.9542 0.0 308.47717]
[0.0077812504 577.8995 357.53503 0.0 309.03812]
[0.0077812504 577.9075 359.11588 0.0 309.59906]
[0.0077500003 577.9144 360.49155 0.0 310.08722]
[0.0078125 577.9225 362.08447 0.0 310.6524]
[0.0078125 577.9305 363.66528 0.0 311.21338]
[0.0078125 577.9385 365.24612 0.0 311.7743]
[0.0078125 577.9465 366.82697 0.0 312.33527]
[0.0077812504 577.9534 368.20267 0.0 312.8234]
[0.0077812504 577.9615 369.79556 0.0 313.3886]
[0.0078125 577.9695 371.3764 0.0 313.9496]
[0.0078437505 577.97845 373.15033 0.0 314.579]
[0.007875 577.98645 374.73117 0.0 315.13995]
[0.007875 577.99445 376.312 0.0 315.7009]
[0.0078437505 578.00146 377.69977 0.0 316.19333]
[0.007875 578.00946 379.2806 0.0 316.75427]
[0.007875 578.01746 380.86145 0.0 317.31522]
[0.007906251 578.02545 382.4423 0.0 317.87616]
[0.007906251 578.03345 384.02313 0.0 318.43707]
[0.007875 578.04047 385.4109 0.0 318.9295]
[0.0078437505 578.04846 386.99173 0.0 319.49048]
[0.007875 578.05646 388.57257 0.0 320.0514]
[0.007906251 578.06647 390.55164 0.0 320.75366]
[0.007906251 578.07446 392.13245 0.0 321.31458]
[0.007906251 578.08246 393.7133 0.0 321.87555]
[0.0079375 578.09045 395.29413 0.0 322.43646]
[0.0079375 578.09845 396.87497 0.0 322.99744]
[0.0079375 578.10645 398.4558 0.0 323.55835]
[0.007906251 578.11346 399.84357 0.0 324.05078]
[0.007906251 578.12146 401.4244 0.0 324.61176]
[0.0079375 578.12946 403.00525 0.0 325.17267]
[0.007968751 578.1385 404.79123 0.0 325.8064]
[0.007968751 578.1465 406.37207 0.0 326.36737]
[0.0079375 578.15344 407.74777 0.0 326.8555]
[0.0079375 578.16144 409.3286 0.0 327.41644]
[0.007968751 578.16943 410.90945 0.0 327.9774]
[0.007968751 578.1774 412.4903 0.0 328.53833]
[0.0080 578.18646 414.27628 0.0 329.17206]
[0.007968751 578.1935 415.66403 0.0 329.6645]
[0.007968751 578.2015 417.24487 0.0 330.22543]
[0.0080 578.2095 418.8257 0.0 330.78638]
[0.0080625005 578.2195 420.80478 0.0 331.48862]
[0.00815625 578.23047 422.97693 0.0 332.2594]
[0.008125001 578.23846 424.55774 0.0 332.8203]
[0.00809375 578.2455 425.94553 0.0 333.31274]
[0.00809375 578.2535 427.52637 0.0 333.8737]
[0.008125001 578.2615 429.10718 0.0 334.43463]
[0.008125001 578.2695 430.68802 0.0 334.99557]
[0.00809375 578.2765 432.07578 0.0 335.488]
[0.00809375 578.2845 433.65662 0.0 336.04895]
[0.008125001 578.29346 435.43054 0.0 336.6784]
[0.00815625 578.30145 437.01138 0.0 337.23932]
[0.00815625 578.30945 438.59222 0.0 337.8003]
[0.00825 578.32043 440.76437 0.0 338.57104]
[0.008187501 578.3284 442.3452 0.0 339.132]
[0.008187501 578.3365 443.9381 0.0 339.6972]
[0.00821875 578.34546 445.71204 0.0 340.32666]
[0.008187501 578.3525 447.0998 0.0 340.8191]
[0.00821875 578.36145 448.87372 0.0 341.44855]
[0.00821875 578.36945 450.45456 0.0 342.00946]
[0.0082812505 578.3785 452.24054 0.0 342.64322]
[0.0082812505 578.3865 453.82138 0.0 343.20416]
[0.00825 578.39343 455.19705 0.0 343.69232]
[0.00821875 578.4015 456.78998 0.0 344.25754]
[0.00821875 578.4095 458.37082 0.0 344.81848]
[0.00825 578.4175 459.95166 0.0 345.3794]
[0.00825 578.4255 461.53247 0.0 345.94037]
[0.0082812505 578.43445 463.3064 0.0 346.56982]
[0.00825 578.44147 464.69415 0.0 347.06226]
[0.00821875 578.44946 466.275 0.0 347.62317]
[0.0082812505 578.45844 468.04892 0.0 348.25262]
[0.0082812505 578.46643 469.62976 0.0 348.81357]
[0.00825 578.47345 471.01752 0.0 349.306]
[0.008187501 578.48145 472.59836 0.0 349.86694]
[0.00809375 578.4905 474.38434 0.0 350.50067]
[0.008125001 578.4985 475.96518 0.0 351.0616]
[0.00815625 578.5065 477.54602 0.0 351.62256]
[0.00815625 578.51447 479.12686 0.0 352.1835]
[0.008187501 578.52344 480.9008 0.0 352.81296]
[0.008187501 578.53143 482.48163 0.0 353.3739]
[0.008187501 578.53845 483.8694 0.0 353.86633]
[0.008187501 578.54645 485.45023 0.0 354.42728]
[0.00815625 578.5555 487.2362 0.0 355.061]
[0.008187501 578.5635 488.81705 0.0 355.62195]
[0.008187501 578.5715 490.3979 0.0 356.1829]
[0.0080625005 578.5784 491.77356 0.0 356.67102]
[0.00809375 578.58746 493.55954 0.0 357.30478]
[0.00809375 578.59546 495.14038 0.0 357.86572]
[0.00809375 578.60443 496.9143 0.0 358.49518]
[0.008125001 578.6125 498.5072 0.0 359.0604]
[0.0080625005 578.61945 499.8829 0.0 359.54852]
[0.0080625005 578.62744 501.46375 0.0 360.1095]
[0.00803125 578.63544 503.0446 0.0 360.6704]
[0.00803125 578.64343 504.62543 0.0 361.23138]
[0.008187501 578.65546 507.00272 0.0 362.07492]
[0.008187501 578.66345 508.58356 0.0 362.63586]
[0.008187501 578.67145 510.1644 0.0 363.19678]
[0.008187501 578.67944 511.74524 0.0 363.75775]
[0.008187501 578.6885 513.5312 0.0 364.39148]
[0.00815625 578.69543 514.9069 0.0 364.87964]
[0.008187501 578.7034 516.48773 0.0 365.44055]
[0.008187501 578.7115 518.0806 0.0 366.0058]
[0.00815625 578.7195 519.6615 0.0 366.5667]
[0.008125001 578.7275 521.2423 0.0 367.1277]
[0.00815625 578.73444 522.61804 0.0 367.6158]
[0.00815625 578.74243 524.19885 0.0 368.17676]
[0.00815625 578.7505 525.79175 0.0 368.742]
[0.008125001 578.7585 527.3726 0.0 369.30292]
[0.008125001 578.7665 528.9534 0.0 369.86386]
[0.00809375 578.77344 530.32916 0.0 370.35202]
[0.00803125 578.78046 531.7169 0.0 370.84442]
[0.00803125 578.78845 533.2977 0.0 371.4054]
[0.0080625005 578.79645 534.8786 0.0 371.9663]
[0.008187501 578.8085 537.25586 0.0 372.80988]
[0.00815625 578.8154 538.63153 0.0 373.29803]
[0.00809375 578.82245 540.0193 0.0 373.79047]
[0.00809375 578.83044 541.60016 0.0 374.35138]
[0.008125001 578.83844 543.18097 0.0 374.91235]
[0.008343751 578.85443 546.34265 0.0 376.03424]
[0.0083125 578.86145 547.7304 0.0 376.52667]
[0.0082812505 578.86945 549.3113 0.0 377.0876]
[0.0082812505 578.87744 550.8921 0.0 377.64853]
[0.0082812505 578.88446 552.27985 0.0 378.14096]
[0.00915625 578.9205 559.39966 0.0 380.66736]
[0.009562501 578.94147 563.5509 0.0 382.14035]
[0.010375001 578.97546 570.27246 0.0 384.52542]
[0.010656251 578.99646 574.42365 0.0 385.9984]
[0.010875001 579.0115 577.3923 0.0 387.05182]
[0.010875001 579.0195 578.9731 0.0 387.61273]
[0.011000001 579.03143 581.3383 0.0 388.45203]
[0.011000001 579.0394 582.9192 0.0 389.01294]
[0.01096875 579.04645 584.30695 0.0 389.50537]
[0.01096875 579.05444 585.88776 0.0 390.0663]
[0.010937501 579.06146 587.2755 0.0 390.55875]
[0.010937501 579.06946 588.8564 0.0 391.1197]
[0.01096875 579.07745 590.4372 0.0 391.68063]
[0.0110312505 579.08746 592.41626 0.0 392.38287]
[0.011000001 579.0945 593.804 0.0 392.8753]
[0.011000001 579.1025 595.3849 0.0 393.43625]
[0.011000001 579.1105 596.9657 0.0 393.9972]
[0.011000001 579.11847 598.5466 0.0 394.55814]
[0.0110312505 579.12646 600.1274 0.0 395.11908]
[0.0110312505 579.1335 601.51514 0.0 395.6115]
[0.0110312505 579.1415 603.096 0.0 396.17245]
[0.011500001 579.1644 607.63336 0.0 397.78247]
[0.011375001 579.1725 609.22626 0.0 398.34772]
[0.01140625 579.1805 610.80707 0.0 398.90863]
[0.011437501 579.1885 612.38794 0.0 399.4696]
[0.01140625 579.19543 613.7636 0.0 399.95773]
[0.01140625 579.2034 615.3445 0.0 400.51868]
[0.011156251 579.2115 616.9374 0.0 401.0839]
[0.0111875 579.2195 618.5182 0.0 401.64484]
[0.0111875 579.2275 620.09906 0.0 402.20578]
[0.011156251 579.23444 621.47473 0.0 402.6939]
[0.0111875 579.24243 623.0556 0.0 403.25488]
[0.0103125 579.2505 624.6485 0.0 403.8201]
[0.00990625 579.2585 626.2293 0.0 404.38104]
[0.00909375 579.2665 627.8102 0.0 404.94196]
[0.00865625 579.27344 629.18585 0.0 405.4301]
[0.0084375 579.28143 630.7667 0.0 405.99106]
[0.0084375 579.2894 632.34753 0.0 406.552]
[0.0083125 579.2975 633.9404 0.0 407.11725]
[0.0083125 579.3055 635.5213 0.0 407.67816]
[0.0083125 579.31244 636.897 0.0 408.16632]
[0.0083125 579.32043 638.4778 0.0 408.72726]
[0.008343751 579.3284 640.05865 0.0 409.2882]
[0.008343751 579.3365 641.65155 0.0 409.85342]
[0.008343751 579.3445 643.23236 0.0 410.41437]
[0.00825 579.35144 644.6081 0.0 410.90253]
[0.00825 579.35846 645.99585 0.0 411.39496]
[0.00825 579.36646 647.57666 0.0 411.95587]
[0.00825 579.37445 649.15753 0.0 412.51685]
[0.0082812505 579.3835 650.9435 0.0 413.15057]
[0.00825 579.39044 652.3192 0.0 413.6387]
[0.0082812505 579.39844 653.9 0.0 414.19965]
[0.0082812505 579.40643 655.4809 0.0 414.7606]
[0.0078125 579.4144 657.0617 0.0 415.32153]
[0.0078125 579.4225 658.6546 0.0 415.88675]
[0.0077812504 579.42944 660.03033 0.0 416.3749]
[0.0077500003 579.43646 661.4181 0.0 416.86734]
[0.0077812504 579.44446 662.9989 0.0 417.42828]
[0.0077812504 579.45245 664.5798 0.0 417.9892]
[0.0077812504 579.46045 666.1606 0.0 418.55017]
[0.0077500003 579.46747 667.54834 0.0 419.0426]
[0.0077187503 579.4745 668.9361 0.0 419.53503]
[0.0077500003 579.4825 670.51697 0.0 420.09595]
[0.0077500003 579.4905 672.0978 0.0 420.65692]
[0.0077812504 579.5005 674.07684 0.0 421.35913]
[0.0077812504 579.50745 675.4525 0.0 421.8473]
[0.0077500003 579.51447 676.8403 0.0 422.33972]
[0.0077812504 579.52246 678.42114 0.0 422.90067]
[0.0077812504 579.53046 680.00195 0.0 423.4616]
[0.0078125 579.5394 681.7759 0.0 424.09106]
[0.0077812504 579.54645 683.16364 0.0 424.5835]
[0.0077500003 579.55347 684.5514 0.0 425.07593]
[0.0077812504 579.56146 686.13226 0.0 425.63684]
[0.0077500003 579.5685 687.52 0.0 426.12927]
[0.0077500003 579.5765 689.1008 0.0 426.69025]
[0.0077500003 579.5845 690.6817 0.0 427.25116]
[0.0077187503 579.59143 692.0574 0.0 427.73932]
[0.0077500003 579.5995 693.65027 0.0 428.30457]
[0.0077812504 579.6075 695.23114 0.0 428.86548]
[0.0077812504 579.6155 696.81195 0.0 429.42642]
[0.0077812504 579.6235 698.3928 0.0 429.98737]
[0.0077500003 579.6315 699.97363 0.0 430.5483]
[0.0077500003 579.6385 701.3614 0.0 431.04074]
[0.0077500003 579.6465 702.94226 0.0 431.60168]
[0.0077500003 579.6545 704.5231 0.0 432.16263]
[0.0077500003 579.6625 706.10394 0.0 432.72357]
[0.0077187503 579.66943 707.4796 0.0 433.21173]
[0.0077812504 579.67847 709.26556 0.0 433.84546]
[0.0078125 579.68646 710.84644 0.0 434.40637]
[0.0078125 579.69446 712.42725 0.0 434.96735]
[0.0078125 579.70245 714.0081 0.0 435.52826]
[0.0078125 579.71045 715.5889 0.0 436.08923]
[0.0078125 579.71747 716.9767 0.0 436.58163]
[0.0078437505 579.72546 718.55756 0.0 437.14258]
[0.0078437505 579.73346 720.13837 0.0 437.70352]
[0.0078437505 579.74146 721.71924 0.0 438.26447]
[0.0077812504 579.7485 723.107 0.0 438.7569]
[0.00821875 579.77045 727.4513 0.0 440.2984]
[0.00825 579.77844 729.0321 0.0 440.85934]
[0.00821875 579.78546 730.41986 0.0 441.35178]
[0.00821875 579.79346 732.00073 0.0 441.91272]
[0.008187501 579.80145 733.58154 0.0 442.47366]
[0.008187501 579.80945 735.16235 0.0 443.0346]
[0.00821875 579.81647 736.5502 0.0 443.52704]
[0.008187501 579.8235 737.9379 0.0 444.01947]
[0.00821875 579.8315 739.51874 0.0 444.5804]
[0.00821875 579.8395 741.09955 0.0 445.14136]
[0.00821875 579.8475 742.6804 0.0 445.7023]
[0.00825 579.85547 744.2612 0.0 446.26324]
[0.008187501 579.86145 745.44385 0.0 446.68286]
[0.008187501 579.86945 747.0247 0.0 447.2438]
[0.008187501 579.87744 748.6055 0.0 447.80475]
[0.00815625 579.88446 749.9933 0.0 448.29718]
[0.00815625 579.89246 751.57416 0.0 448.85812]
[0.00815625 579.8995 752.9619 0.0 449.35056]
[0.00815625 579.9075 754.5427 0.0 449.9115]
[0.00815625 579.91547 756.1236 0.0 450.47244]
[0.008125001 579.9225 757.51135 0.0 450.96487]
[0.00815625 579.9305 759.09216 0.0 451.52582]
[0.00809375 579.93744 760.4679 0.0 452.01395]
[0.00809375 579.94543 762.0487 0.0 452.5749]
[0.008187501 579.9565 764.2329 0.0 453.34995]
[0.008187501 579.9645 765.8138 0.0 453.9109]
[0.00815625 579.9725 767.3946 0.0 454.47183]
[0.008187501 579.97943 768.77026 0.0 454.95996]
[0.008187501 579.9875 770.3632 0.0 455.52518] ]
[
